152
113
144
179
149
145
174
145
137
136
135
192
160
149
182
161
117
132
1000051
1000247
165
144
167
128
198
194
121
189
143
154
160
120
152
176
161
116
198
125
105
102
103
144
114
101
193
193
132
165
100
158
150
126
164
129
154
157
141
155
185
164
111
168
108
167
135
148
188
197
160
188
174
126
117
124
112
147
193
161
184
148
133
157
126
176
150
114
101
139
138
127
165
123
160
130
150
169
108
151
163
153
182
153
111
193
125
122
134
152
194
191
125
120
163
191
101
192
138
132
174
170
151
188
104
128
160
117
156
131
143
131
134
147
175
163
104
163
114
107
123
173
179
190
199
133
182
196
182
184
120
109
126
163
132
197
150
155
117
162
148
167
118
139
153
109
136
124
124
186
123
110
177
106
175
172
175
197
103
145
138
146
103
154
111
132
192
170
194
155
124
131
192
119
136
132
101
105
145
152
164
150
169
153
